

The MD is:  88
Recorrido:
     1 1 1
     1 1 1
 1 1 1 1 1 1 1
 1 1 1 0 1 1 1
 1 1 1 1 1 1 1
     1 1 1
     1 1 1

     1 1 1
     1 1 1
 1 1 1 1 1 1 1
 1 1 1 1 1 1 1
 1 1 1 0 1 1 1
     1 0 1
     1 1 1

     1 1 1
     1 1 1
 1 1 1 1 1 1 1
 1 1 1 1 1 1 1
 1 1 1 1 0 0 1
     1 0 1
     1 1 1

     1 1 1
     1 1 1
 1 1 1 1 1 1 1
 1 1 1 1 1 1 1
 1 1 1 1 1 0 1
     1 0 0
     1 1 0

     1 1 1
     1 1 1
 1 1 1 1 1 1 1
 1 1 1 1 1 1 1
 1 1 1 1 1 0 1
     1 0 0
     0 0 1

     1 1 1
     1 1 1
 1 1 1 1 1 1 1
 1 1 1 1 1 1 1
 1 1 1 0 0 1 1
     1 0 0
     0 0 1

     1 1 1
     1 1 1
 1 1 1 1 1 1 1
 1 1 1 1 1 1 1
 1 1 1 0 1 0 0
     1 0 0
     0 0 1

     1 1 1
     1 1 1
 1 1 1 1 1 1 1
 1 1 1 1 1 1 1
 1 1 0 0 1 0 0
     0 0 0
     1 0 1

     1 1 1
     1 1 1
 1 1 1 1 1 1 1
 1 1 1 1 1 1 1
 0 0 1 0 1 0 0
     0 0 0
     1 0 1

     1 1 1
     1 1 1
 1 1 1 1 1 1 1
 1 1 1 1 0 1 1
 0 0 1 0 0 0 0
     0 0 1
     1 0 1

     1 1 1
     1 1 1
 1 1 1 1 1 1 1
 1 1 1 1 0 1 1
 0 0 1 0 1 0 0
     0 0 0
     1 0 0

     1 1 1
     1 1 1
 1 1 1 1 1 1 1
 1 1 1 1 1 0 0
 0 0 1 0 1 0 0
     0 0 0
     1 0 0

     1 1 1
     1 1 1
 1 1 1 1 1 1 1
 1 1 1 1 0 0 0
 0 0 1 0 0 0 0
     0 0 1
     1 0 0

     1 1 1
     1 1 1
 1 1 1 1 1 1 1
 1 1 0 0 1 0 0
 0 0 1 0 0 0 0
     0 0 1
     1 0 0

     1 1 1
     1 1 1
 1 1 1 1 1 1 1
 0 0 1 0 1 0 0
 0 0 1 0 0 0 0
     0 0 1
     1 0 0

     1 1 1
     1 1 1
 1 1 1 1 1 1 1
 0 0 0 0 1 0 0
 0 0 0 0 0 0 0
     1 0 1
     1 0 0

     1 1 1
     1 1 1
 1 1 1 1 1 1 1
 0 0 0 0 1 0 0
 0 0 1 0 0 0 0
     0 0 1
     0 0 0

     1 1 1
     1 1 1
 1 1 1 1 0 1 1
 0 0 0 0 0 0 0
 0 0 1 0 1 0 0
     0 0 1
     0 0 0

     1 1 1
     1 1 1
 1 1 1 1 0 1 1
 0 0 0 0 1 0 0
 0 0 1 0 0 0 0
     0 0 0
     0 0 0

     1 1 1
     1 1 1
 1 1 1 1 1 0 0
 0 0 0 0 1 0 0
 0 0 1 0 0 0 0
     0 0 0
     0 0 0

     1 1 1
     1 1 1
 1 1 1 0 0 1 0
 0 0 0 0 1 0 0
 0 0 1 0 0 0 0
     0 0 0
     0 0 0

     1 1 1
     0 1 1
 1 1 0 0 0 1 0
 0 0 1 0 1 0 0
 0 0 1 0 0 0 0
     0 0 0
     0 0 0

     1 1 1
     0 1 1
 0 0 1 0 0 1 0
 0 0 1 0 1 0 0
 0 0 1 0 0 0 0
     0 0 0
     0 0 0

     1 1 0
     0 1 0
 0 0 1 0 1 1 0
 0 0 1 0 1 0 0
 0 0 1 0 0 0 0
     0 0 0
     0 0 0

     1 1 0
     0 1 1
 0 0 1 0 0 1 0
 0 0 1 0 0 0 0
 0 0 1 0 0 0 0
     0 0 0
     0 0 0

     0 0 1
     0 1 1
 0 0 1 0 0 1 0
 0 0 1 0 0 0 0
 0 0 1 0 0 0 0
     0 0 0
     0 0 0

     0 0 0
     0 1 0
 0 0 1 0 1 1 0
 0 0 1 0 0 0 0
 0 0 1 0 0 0 0
     0 0 0
     0 0 0

     0 0 0
     0 1 0
 0 0 1 1 0 0 0
 0 0 1 0 0 0 0
 0 0 1 0 0 0 0
     0 0 0
     0 0 0

     0 0 0
     0 1 0
 0 1 0 0 0 0 0
 0 0 1 0 0 0 0
 0 0 1 0 0 0 0
     0 0 0
     0 0 0

     0 0 0
     0 1 0
 0 1 1 0 0 0 0
 0 0 0 0 0 0 0
 0 0 0 0 0 0 0
     0 0 0
     0 0 0

     0 0 0
     0 1 0
 0 0 0 1 0 0 0
 0 0 0 0 0 0 0
 0 0 0 0 0 0 0
     0 0 0
     0 0 0

     0 0 0
     0 0 0
 0 0 0 0 0 0 0
 0 0 0 1 0 0 0
 0 0 0 0 0 0 0
     0 0 0
     0 0 0


C:\Users\felip\GitHub\u\Inteligencia Artificial\IA-Tarea-Corta-1->
